# Intrepolated Tab.8 by Wegner+07 MNRAS 374,1549
# Spt scode   V      IV     III    II     Ib     Iab    Ia
O5.0   5.0   -5.10  -5.10  -9.99  -5.13  -6.39  -9.99  -9.99
O5.5   5.5   -5.00  -5.00  -9.99  -4.62  -6.38  -9.99  -9.99
O6.0   6.0   -4.90  -4.90  -9.99  -4.11  -6.36  -9.99  -9.99
O6.5   6.5   -4.89  -4.89  -9.99  -4.33  -9.00  -9.99  -9.99
O7.0   7.0   -4.87  -4.87  -9.99  -4.55  -9.00  -5.10  -6.33
O7.5   7.5   -4.84  -4.84  -9.99  -4.48  -9.00  -5.10  -6.32
O8.0   8.0   -4.80  -4.80  -5.75  -4.41  -9.00  -5.09  -6.30
O8.5   8.5   -4.71  -4.71  -5.41  -4.77  -9.00  -5.09  -6.28
O9.0   9.0   -4.62  -4.62  -5.07  -5.13  -6.10  -5.08  -6.27
O9.5   9.5   -4.28  -4.28  -4.73  -4.94  -5.62  -5.08  -6.25
B0.0  10.0   -3.95  -3.95  -4.39  -4.74  -5.22  -5.07  -6.24
B0.5  10.5   -3.29  -3.29  -4.05  -4.52  -4.90  -5.06  -6.23
B1.0  11.0   -3.14  -3.14  -3.71  -4.27  -4.65  -5.06  -6.21
B1.5  11.5   -2.88  -2.88  -3.37  -4.02  -4.47  -5.05  -6.20
B2.0  12.0   -2.70  -2.70  -3.03  -3.76  -4.33  -5.05  -6.18
B2.5  12.5   -2.34  -2.34  -2.69  -3.49  -4.25  -5.04  -6.17
B3.0  13.0   -1.68  -1.68  -2.35  -3.22  -4.21  -5.04  -6.15
B3.5  13.5   -1.48  -1.48  -1.97  -2.95  -4.21  -5.03  -6.14
B4.0  14.0   -1.28  -1.28  -1.59  -2.67  -4.21  -5.03  -6.12
B4.5  14.5   -1.25  -1.25  -1.54  -2.41  -4.24  -5.03  -6.11
B5.0  15.0   -1.21  -1.21  -1.48  -2.16  -4.28  -5.02  -6.10
B5.5  15.5   -1.05  -1.05  -1.41  -1.93  -4.32  -5.01  -6.09
B6.0  16.0   -0.89  -0.89  -1.35  -1.70  -4.35  -5.00  -6.07
B6.5  16.5   -0.78  -0.78  -1.27  -1.51  -4.35  -5.00  -6.07
B7.0  17.0   -0.67  -0.67  -1.19  -1.33  -4.35  -4.99  -6.04
B7.5  17.5   -0.58  -0.58  -1.09  -1.19  -4.30  -4.98  -6.03
B8.0  18.0   -0.49  -0.49  -0.99  -1.06  -4.24  -4.98  -6.01
B8.5  18.5   -0.19  -0.19  -0.88  -1.00  -4.09  -4.97  -5.99
B9.0  19.0    0.10   0.10  -0.77  -0.93  -3.94  -4.97  -5.98
B9.5  19.5    0.21   0.21  -0.65  -0.92  -9.00  -4.97  -5.96
A0.0  20.0    0.69   0.24  -0.09  -1.32  -4.48  -5.75  -6.54
A0.5  20.5    0.76   0.34   0.32  -1.33  -4.46  -5.75  -6.53
A1.0  21.0    0.84   0.43   0.73  -1.34  -4.44  -5.75  -6.53
A1.5  21.5    0.92   0.52   0.77  -1.35  -4.42  -5.76  -6.52
A2.0  22.0    1.00   0.61   0.82  -1.35  -4.40  -5.76  -6.51
A2.5  22.5    1.08   0.70   0.86  -1.36  -4.39  -5.77  -6.51
A3.0  23.0    1.15   0.79   0.90  -1.36  -4.37  -5.77  -6.50
A3.5  23.5    1.22   0.88   0.94  -1.37  -4.35  -5.78  -6.49
A4.0  24.0    1.30   0.96   0.99  -1.37  -4.33  -5.78  -6.49
A4.5  24.5    1.38   1.04   1.03  -1.38  -4.31  -5.78  -6.48
A5.0  25.0    1.46   1.13   1.07  -1.38  -4.29  -5.78  -6.47
A5.5  25.5    1.54   1.21   1.12  -1.38  -4.27  -5.78  -6.47
A6.0  26.0    1.61   1.29   1.16  -1.39  -4.25  -5.79  -6.46
A6.5  26.5    1.68   1.37   1.20  -1.40  -4.23  -5.80  -6.45
A7.0  27.0    1.76   1.45   1.24  -1.41  -4.21  -5.80  -6.44
A7.5  27.5    1.84   1.53   1.28  -1.41  -4.19  -5.80  -6.43
A8.0  28.0    1.92   1.60   1.32  -1.42  -4.18  -5.80  -6.43
A8.5  28.5    1.99   1.67   1.37  -1.42  -4.16  -5.81  -6.43
A9.0  29.0    2.07   1.74   1.41  -1.43  -4.14  -5.81  -6.42
